000000 1.79231E-10
000001 1.13118E-10
000010 1.68002E-10
000011 1.0188E-10
000100 1.34937E-10
000101 6.87971E-11
000110 1.23696E-10
000111 5.75591E-11
001000 1.68002E-10
001001 1.01883E-10
001010 1.56755E-10
001011 9.06299E-11
001100 1.23693E-10
001101 5.7562E-11
001110 1.1245E-10
001111 4.63239E-11
010000 1.78825E-10
010001 1.34523E-10
010010 1.67578E-10
010011 1.23274E-10
010100 1.1271E-10
010101 6.84044E-11
010110 1.0146E-10
010111 5.71458E-11
011000 1.67578E-10
011001 1.2328E-10
011010 1.56337E-10
011011 1.12039E-10
011100 1.01451E-10
011101 5.71458E-11
011110 9.02189E-11
011111 4.59106E-11
100000 1.78818E-10
100001 1.67572E-10
100010 1.127E-10
100011 1.01439E-10
100100 1.67575E-10
100101 1.5634E-10
100110 1.01462E-10
100111 9.02131E-11
101000 1.34519E-10
101001 1.23279E-10
101010 6.83942E-11
101011 5.71363E-11
101100 1.23261E-10
101101 1.12036E-10
101110 5.71363E-11
101111 4.58989E-11
110000 1.78389E-10
110001 1.67154E-10
110010 1.34094E-10
110011 1.22847E-10
110100 1.67157E-10
110101 1.55908E-10
110110 1.22856E-10
110111 1.11604E-10
111000 1.12286E-10
111001 1.01045E-10
111010 6.79751E-11
111011 5.67318E-11
111100 1.01031E-10
111101 8.97874E-11
111110 5.6726E-11
111111 4.5471E-11
